1023.00,1023.00,1023.00,1022.00,1023.00,1023.00,1023.00,1023.00,1023.00,1023.00,1023.00,1023.00,1023.00,1023.00,1023.00,1023.00,1023.00,1023.00,1023.00,1022.00,1023.00,1023.00,1023.00,1023.00,1023.00,1023.00,1023.00,1023.00,1023.00,1023.00,1023.00,1023.00,1023.00,1023.00,1023.00,1023.00,1023.00,1023.00,1023.00,1023.00,1023.00,1023.00,1023.00,1023.00,1023.00,1023.00,1022.00,1023.00,1023.00,1023.00,1023.00,1023.00,1023.00,1023.00,1023.00,1023.00,1023.00,1022.00,1023.00,1023.00,1023.00,1023.00,1023.00,1023.00,1023.00,1023.00,1023.00,1023.00,1023.00,1023.00,1023.00,1023.00,1023.00,1023.00,1022.00,1023.00,1023.00,1023.00,1023.00,1023.00,1023.00,1023.00,1023.00,1023.00,1023.00,1023.00,1023.00,1023.00,1023.00,1023.00,1023.00,1023.00,1023.00,1023.00,1023.00,1023.00,1023.00,1023.00,1023.00,1023.00,1023.00,1023.00,1023.00,1023.00,1023.00,1023.00,1023.00,1023.00,1023.00,1023.00,1023.00,1023.00,1023.00,1023.00,1023.00,1023.00,1023.00,1023.00,1023.00,1023.00,1023.00,1023.00,1022.00,1023.00,1023.00,1023.00,1023.00,1020.00,

81.84,82.42,84.14,86.93,91.02,96.16,102.42,109.78,118.22,127.72,138.27,149.82,162.36,175.86,190.28,205.58,221.73,238.70,256.43,274.61,294.01,313.78,334.13,355.01,376.38,398.18,420.35,442.85,465.61,488.59,511.73,534.96,558.24,581.50,604.70,627.76,650.64,673.28,695.62,717.61,739.20,760.33,780.96,801.02,820.48,839.28,856.53,874.72,891.29,907.02,921.88,935.85,948.87,960.92,971.97,982.00,990.98,997.90,1005.69,1011.39,1015.96,1019.41,1021.70,1022.86,1022.86,1021.70,1019.41,1015.96,1011.39,1005.69,998.88,990.98,982.00,971.97,959.98,948.87,935.85,921.88,907.02,891.29,874.72,857.37,839.28,820.48,801.02,780.96,760.33,739.20,717.61,695.62,673.28,650.64,627.76,604.70,581.50,558.24,534.96,511.73,488.59,465.61,442.85,420.35,398.18,376.38,355.01,334.13,313.78,294.01,274.88,256.43,238.70,221.73,205.58,190.28,175.86,162.36,149.82,138.27,127.72,118.22,109.78,102.42,96.07,91.02,87.01,84.14,82.42,81.60,

70235.75,-30221.38,158.49,59.39,32.52,18.33,13.91,8.49,8.08,4.44,6.22,2.87,3.00,3.41,0.23,3.31,1.07,1.41,1.92,0.51,0.35,1.36,-0.09,1.15,1.12,0.00,0.74,0.22,0.14,0.35,1.67,-1.07,2.16,-0.90,-0.20,1.67,-1.71,2.39,-1.00,0.76,-0.62,0.22,-0.22,-0.14,1.67,-2.10,2.54,-2.12,0.66,0.91,-1.04,2.08,-0.74,0.71,-0.36,0.82,-0.40,1.24,0.51,-0.55,1.37,-1.15,0.56,0.82,-0.30,0.84,0.56,-1.15,1.37,-0.55,0.51,1.24,-0.40,0.82,-0.36,0.72,-0.74,2.08,-1.04,0.91,0.66,-2.12,2.54,-2.10,1.67,-0.14,-0.22,0.22,-0.62,0.76,-1.00,2.39,-1.71,1.67,-0.20,-0.90,2.16,-1.06,1.67,0.35,0.14,0.22,0.74,0.00,1.12,1.15,-0.09,1.36,0.35,0.51,1.92,1.41,1.07,3.31,0.23,3.41,3.00,2.87,6.22,4.44,8.08,8.49,13.91,18.33,32.52,59.39,158.49,-30221.35,

70235.75,30230.47,158.67,59.58,32.67,18.40,14.02,8.86,8.08,5.50,6.22,2.96,3.55,3.56,2.60,3.31,1.98,1.41,2.21,0.63,0.41,2.23,1.81,3.23,2.42,0.71,0.77,1.28,1.57,0.91,1.82,1.41,2.26,1.58,0.89,1.69,1.87,2.86,1.82,0.81,0.67,0.67,0.72,0.46,1.98,2.23,2.70,2.13,0.96,0.99,1.10,2.09,0.75,1.42,1.79,1.59,1.30,1.40,1.85,2.29,2.58,1.94,0.62,0.90,0.30,0.92,0.62,1.94,2.58,2.29,1.85,1.40,1.30,1.59,1.79,1.42,0.75,2.09,1.10,0.99,0.96,2.13,2.70,2.23,1.98,0.46,0.72,0.67,0.67,0.81,1.82,2.86,1.87,1.69,0.89,1.58,2.26,1.41,1.82,0.91,1.57,1.28,0.77,0.71,2.42,3.23,1.81,2.23,0.41,0.63,2.21,1.42,1.98,3.32,2.60,3.56,3.55,2.96,6.22,5.50,8.08,8.86,14.02,18.40,32.67,59.58,158.67,30230.44,

762.39


$$$$$
1022.00,1023.00,1023.00,1023.00,1022.00,1023.00,1023.00,1023.00,1023.00,1023.00,1023.00,1023.00,1023.00,1023.00,1023.00,1023.00,1023.00,1023.00,1023.00,1023.00,1023.00,1023.00,1023.00,1023.00,1022.00,1021.00,1023.00,1023.00,1023.00,1023.00,1023.00,1023.00,1023.00,1023.00,1023.00,1023.00,1023.00,1023.00,1023.00,1023.00,1023.00,1023.00,1023.00,1023.00,1023.00,1022.00,1023.00,1023.00,1023.00,1023.00,1023.00,1023.00,1023.00,1023.00,1022.00,1022.00,1023.00,1023.00,1022.00,1022.00,1023.00,1020.00,1022.00,1023.00,1023.00,1023.00,1023.00,1023.00,1023.00,1023.00,1023.00,1022.00,1023.00,1023.00,1023.00,1023.00,1023.00,1022.00,1023.00,1023.00,1021.00,1023.00,1023.00,1023.00,1023.00,1023.00,1023.00,1023.00,1023.00,1023.00,1023.00,1023.00,1023.00,1023.00,1023.00,1023.00,1023.00,1023.00,1023.00,1020.00,1023.00,1023.00,1023.00,1023.00,1023.00,1023.00,1023.00,1023.00,1023.00,1023.00,1023.00,1023.00,1023.00,1023.00,1023.00,1023.00,1023.00,1023.00,1023.00,1023.00,1023.00,1023.00,1023.00,1023.00,1023.00,1023.00,1021.00,1023.00,

81.76,82.42,84.14,87.01,90.94,96.16,102.42,109.78,118.22,127.72,138.27,149.82,162.36,175.86,190.28,205.58,221.73,238.70,256.43,274.88,294.01,313.78,334.13,355.01,376.01,397.40,420.35,442.85,465.61,488.59,511.73,534.96,558.24,581.50,604.70,627.76,650.64,673.28,695.62,717.61,739.20,760.33,780.96,801.02,820.48,838.46,857.37,874.72,891.29,907.02,921.88,935.85,948.87,960.92,971.02,981.04,990.98,998.88,1004.70,1010.40,1015.96,1016.42,1020.71,1022.86,1022.86,1021.70,1019.41,1015.96,1011.39,1005.69,998.88,990.01,982.00,971.97,960.92,948.87,935.85,920.98,907.02,891.29,873.01,857.37,839.28,820.48,801.02,780.96,760.33,739.20,717.61,695.62,673.28,650.64,627.76,604.70,581.50,558.24,534.96,511.73,488.59,464.25,442.85,420.35,398.18,376.38,355.01,334.13,313.78,294.01,274.88,256.43,238.70,221.73,205.58,190.28,175.86,162.36,149.82,138.27,127.72,118.22,109.78,102.42,96.16,91.02,87.01,84.14,82.25,81.84,

70224.07,-30213.12,154.34,64.49,29.29,17.36,13.12,12.28,7.07,3.97,5.45,1.57,6.35,0.63,2.86,1.57,2.70,-0.83,3.61,-0.77,4.85,-3.11,2.21,-0.97,4.41,-0.58,0.03,-2.69,4.49,-0.46,2.24,-3.72,1.13,0.87,3.51,-4.02,1.43,-0.22,-0.41,5.26,-7.58,5.60,-2.18,0.91,0.45,-0.63,-0.79,4.02,-5.10,3.05,-0.98,1.17,-0.61,-0.88,-1.14,3.18,-1.42,-1.45,-0.08,-0.78,3.38,-3.85,0.82,-2.94,4.43,-2.93,0.82,-3.85,3.38,-0.78,-0.08,-1.45,-1.42,3.18,-1.14,-0.88,-0.61,1.17,-0.98,3.05,-5.10,4.02,-0.79,-0.63,0.45,0.91,-2.18,5.60,-7.58,5.26,-0.41,-0.22,1.43,-4.02,3.51,0.87,1.13,-3.71,2.24,-0.46,4.49,-2.69,0.03,-0.58,4.41,-0.97,2.21,-3.11,4.85,-0.77,3.61,-0.83,2.70,1.57,2.86,0.63,6.35,1.57,5.45,3.97,7.07,12.28,13.12,17.36,29.29,64.49,154.34,-30213.10,

70224.07,30222.23,154.50,64.91,29.30,18.50,13.87,15.68,7.63,5.00,5.83,2.82,6.55,4.91,7.69,5.49,3.97,5.38,3.66,2.47,4.86,3.57,2.94,2.63,4.94,3.44,4.24,2.76,4.94,3.37,2.93,3.77,1.87,2.90,6.26,5.17,2.21,2.42,4.93,5.85,8.50,8.24,5.59,1.00,1.55,0.81,3.35,6.50,5.25,3.35,2.47,1.38,0.81,3.65,5.89,5.36,3.10,2.96,0.13,2.37,3.53,4.20,1.90,2.96,4.43,2.95,1.90,4.20,3.53,2.37,0.13,2.96,3.10,5.36,5.89,3.65,0.81,1.38,2.47,3.35,5.25,6.50,3.35,0.81,1.55,1.00,5.59,8.24,8.50,5.85,4.93,2.42,2.21,5.17,6.26,2.89,1.87,3.76,2.93,3.37,4.94,2.76,4.24,3.44,4.94,2.63,2.94,3.57,4.86,2.47,3.66,5.39,3.97,5.49,7.69,4.91,6.55,2.82,5.83,5.00,7.63,15.68,13.87,18.50,29.30,64.91,154.50,30222.20,

526.27

